xb3=[-1.000:0.140:0.860];
yb3=[-1.000:0.140:0.860];
zb3=[-0.625 -0.625 -0.625 -0.625 -0.625 -0.625 -0.625 -0.625 -0.505 -0.345 -0.156 0.000 0.000 0.000 0.000 
-0.625 -0.625 -0.625 -0.625 -0.625 -0.625 -0.625 -0.625 -0.505 -0.345 -0.156 0.000 0.000 0.000 0.000 
-0.625 -0.625 -0.625 -0.625 -0.625 -0.625 -0.625 -0.625 -0.505 -0.345 -0.156 0.000 0.000 0.000 0.000 
-0.625 -0.625 -0.625 -0.625 -0.625 -0.625 -0.625 -0.625 -0.505 -0.345 -0.156 0.000 0.000 0.000 0.000 
-0.625 -0.625 -0.625 -0.625 -0.579 -0.579 -0.579 -0.571 -0.348 -0.208 -0.050 0.096 0.096 0.096 0.096 
-0.625 -0.625 -0.625 -0.625 -0.579 -0.515 -0.503 -0.434 -0.170 -0.032 0.104 0.294 0.294 0.294 0.294 
-0.625 -0.625 -0.625 -0.625 -0.579 -0.503 -0.408 -0.275 -0.040 0.087 0.236 0.462 0.462 0.462 0.462 
-0.625 -0.625 -0.625 -0.625 -0.571 -0.434 -0.275 -0.089 0.142 0.316 0.466 0.606 0.606 0.606 0.606 
-0.505 -0.505 -0.505 -0.505 -0.348 -0.170 -0.040 0.142 0.349 0.460 0.556 0.625 0.625 0.625 0.625 
-0.345 -0.345 -0.345 -0.345 -0.208 -0.032 0.087 0.316 0.460 0.503 0.556 0.625 0.625 0.625 0.625 
-0.156 -0.156 -0.156 -0.156 -0.050 0.104 0.236 0.466 0.556 0.556 0.556 0.625 0.625 0.625 0.625 
0.000 0.000 0.000 0.000 0.096 0.294 0.462 0.606 0.625 0.625 0.625 0.625 0.625 0.625 0.625 
0.000 0.000 0.000 0.000 0.096 0.294 0.462 0.606 0.625 0.625 0.625 0.625 0.625 0.625 0.625 
0.000 0.000 0.000 0.000 0.096 0.294 0.462 0.606 0.625 0.625 0.625 0.625 0.625 0.625 0.625 
0.000 0.000 0.000 0.000 0.096 0.294 0.462 0.606 0.625 0.625 0.625 0.625 0.625 0.625 0.625 
];
surf(xb3,yb3,zb3);
xtitle('FUZZY SURFACE 3MFS');