xb5=[-1.000:0.140:0.860];
yb5=[-1.000:0.140:0.860];
zb5=[-0.813 -0.813 -0.813 -0.812 -0.779 -0.625 -0.500 -0.500 -0.500 -0.500 -0.500 -0.420 -0.140 0.000 0.000 
-0.813 -0.813 -0.813 -0.812 -0.779 -0.625 -0.500 -0.500 -0.500 -0.500 -0.500 -0.420 -0.140 0.000 0.000 
-0.813 -0.813 -0.789 -0.789 -0.731 -0.592 -0.500 -0.500 -0.500 -0.471 -0.442 -0.290 -0.065 0.060 0.060 
-0.812 -0.812 -0.789 -0.704 -0.599 -0.570 -0.500 -0.500 -0.500 -0.477 -0.273 -0.061 0.128 0.340 0.340 
-0.779 -0.779 -0.731 -0.599 -0.446 -0.429 -0.425 -0.432 -0.432 -0.324 -0.038 0.172 0.387 0.500 0.500 
-0.625 -0.625 -0.592 -0.570 -0.429 -0.300 -0.167 -0.167 -0.167 -0.118 0.100 0.391 0.407 0.500 0.500 
-0.500 -0.500 -0.500 -0.500 -0.425 -0.167 0.000 0.000 0.000 0.038 0.375 0.500 0.500 0.500 0.500 
-0.500 -0.500 -0.500 -0.500 -0.432 -0.167 0.000 0.000 0.000 0.038 0.375 0.500 0.500 0.500 0.500 
-0.500 -0.500 -0.500 -0.500 -0.432 -0.167 0.000 0.000 0.000 0.038 0.375 0.500 0.500 0.500 0.500 
-0.500 -0.500 -0.471 -0.477 -0.324 -0.118 0.038 0.038 0.038 0.100 0.368 0.523 0.520 0.531 0.531 
-0.500 -0.500 -0.442 -0.273 -0.038 0.100 0.375 0.375 0.375 0.368 0.417 0.557 0.669 0.750 0.750 
-0.420 -0.420 -0.290 -0.061 0.172 0.391 0.500 0.500 0.500 0.523 0.557 0.635 0.760 0.812 0.812 
-0.140 -0.140 -0.065 0.128 0.387 0.407 0.500 0.500 0.500 0.520 0.669 0.760 0.768 0.813 0.813 
0.000 0.000 0.060 0.340 0.500 0.500 0.500 0.500 0.500 0.531 0.750 0.812 0.813 0.813 0.813 
0.000 0.000 0.060 0.340 0.500 0.500 0.500 0.500 0.500 0.531 0.750 0.812 0.813 0.813 0.813 
];surf(xb5,yb5,zb5);
xtitle('FUZZY SURFACE 5MFS');