xb7=[-1.000:0.040:0.960];
yb7=[-1.000:0.040:0.960];
zb7=[-0.812 -0.812 -0.812 -0.812 -0.812 -0.812 -0.812 -0.812 -0.812 -0.812 -0.813 -0.812 -0.812 -0.793 -0.753 -0.708 -0.660 -0.607 -0.548 -0.500 -0.500 -0.500 -0.500 -0.500 -0.500 -0.500 -0.460 -0.420 -0.380 -0.340 -0.300 -0.260 -0.250 -0.250 -0.250 -0.250 -0.250 -0.250 -0.230 -0.190 -0.150 -0.110 -0.070 -0.030 0.000 0.000 0.000 0.000 0.000 0.000 
-0.812 -0.812 -0.812 -0.812 -0.812 -0.812 -0.812 -0.812 -0.812 -0.812 -0.813 -0.812 -0.812 -0.793 -0.753 -0.708 -0.660 -0.607 -0.548 -0.500 -0.500 -0.500 -0.500 -0.500 -0.500 -0.500 -0.460 -0.420 -0.380 -0.340 -0.300 -0.260 -0.250 -0.250 -0.250 -0.250 -0.250 -0.250 -0.230 -0.190 -0.150 -0.110 -0.070 -0.030 0.000 0.000 0.000 0.000 0.000 0.000 
-0.812 -0.812 -0.812 -0.812 -0.812 -0.812 -0.812 -0.812 -0.812 -0.812 -0.813 -0.812 -0.812 -0.793 -0.753 -0.708 -0.660 -0.607 -0.548 -0.500 -0.500 -0.500 -0.500 -0.500 -0.500 -0.500 -0.460 -0.420 -0.380 -0.340 -0.300 -0.260 -0.250 -0.250 -0.250 -0.250 -0.250 -0.250 -0.230 -0.190 -0.150 -0.110 -0.070 -0.030 0.000 0.000 0.000 0.000 0.000 0.000 
-0.812 -0.812 -0.812 -0.812 -0.812 -0.812 -0.812 -0.812 -0.812 -0.812 -0.813 -0.812 -0.812 -0.793 -0.753 -0.708 -0.660 -0.607 -0.548 -0.500 -0.500 -0.500 -0.500 -0.500 -0.500 -0.500 -0.460 -0.420 -0.380 -0.340 -0.300 -0.260 -0.250 -0.250 -0.250 -0.250 -0.250 -0.250 -0.230 -0.190 -0.150 -0.110 -0.070 -0.030 0.000 0.000 0.000 0.000 0.000 0.000 
-0.812 -0.812 -0.812 -0.812 -0.812 -0.812 -0.812 -0.812 -0.812 -0.812 -0.813 -0.812 -0.812 -0.793 -0.753 -0.708 -0.660 -0.607 -0.548 -0.500 -0.500 -0.500 -0.500 -0.500 -0.500 -0.500 -0.460 -0.420 -0.380 -0.340 -0.300 -0.260 -0.250 -0.250 -0.250 -0.250 -0.250 -0.250 -0.230 -0.190 -0.150 -0.110 -0.070 -0.030 0.000 0.000 0.000 0.000 0.000 0.000 
-0.812 -0.812 -0.812 -0.812 -0.812 -0.812 -0.812 -0.812 -0.812 -0.812 -0.813 -0.812 -0.812 -0.793 -0.753 -0.708 -0.660 -0.607 -0.548 -0.500 -0.500 -0.500 -0.500 -0.500 -0.500 -0.500 -0.460 -0.420 -0.380 -0.340 -0.300 -0.260 -0.250 -0.250 -0.250 -0.250 -0.250 -0.250 -0.230 -0.190 -0.150 -0.110 -0.070 -0.030 0.000 0.000 0.000 0.000 0.000 0.000 
-0.812 -0.812 -0.812 -0.812 -0.812 -0.812 -0.812 -0.812 -0.812 -0.812 -0.813 -0.812 -0.812 -0.793 -0.753 -0.708 -0.660 -0.607 -0.548 -0.500 -0.500 -0.500 -0.500 -0.500 -0.500 -0.500 -0.460 -0.420 -0.380 -0.340 -0.300 -0.260 -0.250 -0.250 -0.250 -0.250 -0.250 -0.250 -0.230 -0.190 -0.150 -0.110 -0.070 -0.030 0.000 0.000 0.000 0.000 0.000 0.000 
-0.812 -0.812 -0.812 -0.812 -0.812 -0.812 -0.812 -0.789 -0.789 -0.789 -0.789 -0.789 -0.788 -0.752 -0.712 -0.674 -0.632 -0.587 -0.539 -0.491 -0.476 -0.476 -0.476 -0.476 -0.476 -0.470 -0.419 -0.387 -0.355 -0.323 -0.290 -0.259 -0.226 -0.226 -0.226 -0.226 -0.226 -0.224 -0.172 -0.129 -0.097 -0.065 -0.032 0.000 0.030 0.030 0.030 0.030 0.030 0.030 
-0.812 -0.812 -0.812 -0.812 -0.812 -0.812 -0.812 -0.789 -0.768 -0.768 -0.768 -0.766 -0.752 -0.714 -0.674 -0.642 -0.607 -0.571 -0.539 -0.491 -0.464 -0.455 -0.455 -0.455 -0.447 -0.430 -0.386 -0.359 -0.333 -0.308 -0.286 -0.259 -0.226 -0.205 -0.205 -0.205 -0.203 -0.190 -0.138 -0.081 -0.051 -0.026 0.000 0.032 0.070 0.070 0.070 0.070 0.070 0.070 
-0.812 -0.812 -0.812 -0.812 -0.812 -0.812 -0.812 -0.789 -0.768 -0.754 -0.751 -0.737 -0.714 -0.673 -0.640 -0.617 -0.590 -0.571 -0.539 -0.491 -0.464 -0.448 -0.441 -0.433 -0.417 -0.390 -0.356 -0.335 -0.319 -0.302 -0.286 -0.259 -0.226 -0.205 -0.191 -0.189 -0.176 -0.155 -0.103 -0.054 -0.022 0.000 0.026 0.065 0.110 0.110 0.110 0.110 0.110 0.110 
-0.813 -0.813 -0.813 -0.813 -0.813 -0.813 -0.813 -0.789 -0.768 -0.751 -0.727 -0.707 -0.673 -0.629 -0.603 -0.586 -0.586 -0.571 -0.539 -0.491 -0.464 -0.448 -0.428 -0.409 -0.386 -0.350 -0.326 -0.311 -0.306 -0.302 -0.286 -0.259 -0.226 -0.205 -0.189 -0.167 -0.149 -0.121 -0.069 -0.027 0.000 0.022 0.051 0.097 0.150 0.150 0.150 0.150 0.150 0.150 
-0.812 -0.812 -0.812 -0.812 -0.812 -0.812 -0.812 -0.789 -0.766 -0.737 -0.707 -0.674 -0.629 -0.581 -0.564 -0.564 -0.564 -0.564 -0.539 -0.491 -0.464 -0.439 -0.412 -0.385 -0.356 -0.310 -0.295 -0.291 -0.291 -0.291 -0.286 -0.259 -0.226 -0.203 -0.176 -0.149 -0.122 -0.086 -0.034 0.000 0.027 0.054 0.081 0.129 0.190 0.190 0.190 0.190 0.190 0.190 
-0.812 -0.812 -0.812 -0.812 -0.812 -0.812 -0.812 -0.788 -0.752 -0.714 -0.673 -0.629 -0.581 -0.528 -0.528 -0.528 -0.528 -0.528 -0.528 -0.491 -0.457 -0.422 -0.388 -0.353 -0.319 -0.270 -0.267 -0.267 -0.267 -0.267 -0.267 -0.259 -0.224 -0.190 -0.155 -0.121 -0.086 -0.052 0.000 0.034 0.069 0.103 0.138 0.172 0.230 0.230 0.230 0.230 0.230 0.230 
-0.793 -0.793 -0.793 -0.793 -0.793 -0.793 -0.793 -0.752 -0.714 -0.673 -0.629 -0.581 -0.528 -0.483 -0.483 -0.483 -0.483 -0.483 -0.483 -0.463 -0.422 -0.388 -0.353 -0.319 -0.284 -0.250 -0.233 -0.233 -0.233 -0.233 -0.233 -0.231 -0.172 -0.138 -0.103 -0.069 -0.034 0.000 0.052 0.086 0.121 0.155 0.190 0.224 0.250 0.250 0.250 0.250 0.250 0.250 
-0.753 -0.753 -0.753 -0.753 -0.753 -0.753 -0.753 -0.712 -0.674 -0.640 -0.603 -0.564 -0.528 -0.483 -0.459 -0.459 -0.459 -0.459 -0.452 -0.426 -0.386 -0.358 -0.331 -0.304 -0.280 -0.250 -0.220 -0.209 -0.209 -0.209 -0.207 -0.194 -0.129 -0.081 -0.054 -0.027 0.000 0.034 0.086 0.122 0.149 0.176 0.203 0.226 0.250 0.250 0.250 0.250 0.250 0.250 
-0.708 -0.708 -0.708 -0.708 -0.708 -0.708 -0.708 -0.674 -0.642 -0.617 -0.586 -0.564 -0.528 -0.483 -0.459 -0.444 -0.444 -0.436 -0.419 -0.389 -0.357 -0.337 -0.317 -0.299 -0.280 -0.250 -0.220 -0.201 -0.194 -0.192 -0.179 -0.157 -0.097 -0.051 -0.022 0.000 0.027 0.069 0.121 0.149 0.167 0.189 0.205 0.226 0.250 0.250 0.250 0.250 0.250 0.250 
-0.660 -0.660 -0.660 -0.660 -0.660 -0.660 -0.660 -0.632 -0.607 -0.590 -0.586 -0.564 -0.528 -0.483 -0.459 -0.444 -0.426 -0.410 -0.387 -0.352 -0.329 -0.314 -0.309 -0.299 -0.280 -0.250 -0.220 -0.201 -0.186 -0.169 -0.150 -0.120 -0.065 -0.026 0.000 0.022 0.054 0.103 0.155 0.176 0.189 0.191 0.205 0.226 0.250 0.250 0.250 0.250 0.250 0.250 
-0.607 -0.607 -0.607 -0.607 -0.607 -0.607 -0.607 -0.587 -0.571 -0.571 -0.571 -0.564 -0.528 -0.483 -0.459 -0.436 -0.410 -0.385 -0.355 -0.315 -0.300 -0.295 -0.295 -0.295 -0.280 -0.250 -0.220 -0.199 -0.173 -0.147 -0.121 -0.083 -0.032 0.000 0.026 0.051 0.081 0.138 0.190 0.203 0.205 0.205 0.205 0.226 0.250 0.250 0.250 0.250 0.250 0.250 
-0.548 -0.548 -0.548 -0.548 -0.548 -0.548 -0.548 -0.539 -0.539 -0.539 -0.539 -0.539 -0.528 -0.483 -0.452 -0.419 -0.387 -0.355 -0.323 -0.278 -0.274 -0.274 -0.274 -0.274 -0.274 -0.250 -0.218 -0.185 -0.153 -0.121 -0.089 -0.046 0.000 0.032 0.065 0.097 0.129 0.172 0.224 0.226 0.226 0.226 0.226 0.226 0.250 0.250 0.250 0.250 0.250 0.250 
-0.500 -0.500 -0.500 -0.500 -0.500 -0.500 -0.500 -0.491 -0.491 -0.491 -0.491 -0.491 -0.491 -0.463 -0.426 -0.389 -0.352 -0.315 -0.278 -0.241 -0.241 -0.241 -0.241 -0.241 -0.241 -0.240 -0.185 -0.148 -0.111 -0.074 -0.037 0.000 0.046 0.083 0.120 0.157 0.194 0.231 0.259 0.259 0.259 0.259 0.259 0.259 0.260 0.260 0.260 0.260 0.260 0.260 
-0.500 -0.500 -0.500 -0.500 -0.500 -0.500 -0.500 -0.476 -0.464 -0.464 -0.464 -0.464 -0.457 -0.422 -0.386 -0.357 -0.329 -0.300 -0.274 -0.241 -0.214 -0.214 -0.214 -0.214 -0.212 -0.200 -0.121 -0.086 -0.057 -0.029 0.000 0.037 0.089 0.121 0.150 0.179 0.207 0.233 0.267 0.286 0.286 0.286 0.286 0.290 0.300 0.300 0.300 0.300 0.300 0.300 
-0.500 -0.500 -0.500 -0.500 -0.500 -0.500 -0.500 -0.476 -0.455 -0.448 -0.448 -0.439 -0.422 -0.388 -0.358 -0.337 -0.314 -0.295 -0.274 -0.241 -0.214 -0.198 -0.198 -0.195 -0.182 -0.160 -0.091 -0.049 -0.023 0.000 0.029 0.074 0.121 0.147 0.169 0.192 0.209 0.233 0.267 0.291 0.302 0.302 0.308 0.323 0.340 0.340 0.340 0.340 0.340 0.340 
-0.500 -0.500 -0.500 -0.500 -0.500 -0.500 -0.500 -0.476 -0.455 -0.441 -0.428 -0.412 -0.388 -0.353 -0.331 -0.317 -0.309 -0.295 -0.274 -0.241 -0.214 -0.198 -0.184 -0.171 -0.152 -0.120 -0.061 -0.024 0.000 0.023 0.057 0.111 0.153 0.173 0.186 0.194 0.209 0.233 0.267 0.291 0.306 0.319 0.333 0.355 0.380 0.380 0.380 0.380 0.380 0.380 
-0.500 -0.500 -0.500 -0.500 -0.500 -0.500 -0.500 -0.476 -0.455 -0.433 -0.409 -0.385 -0.353 -0.319 -0.304 -0.299 -0.299 -0.295 -0.274 -0.241 -0.214 -0.195 -0.171 -0.146 -0.121 -0.080 -0.030 0.000 0.024 0.049 0.086 0.148 0.185 0.199 0.201 0.201 0.209 0.233 0.267 0.291 0.311 0.335 0.359 0.387 0.420 0.420 0.420 0.420 0.420 0.420 
-0.500 -0.500 -0.500 -0.500 -0.500 -0.500 -0.500 -0.476 -0.447 -0.417 -0.386 -0.356 -0.319 -0.284 -0.280 -0.280 -0.280 -0.280 -0.274 -0.241 -0.212 -0.182 -0.152 -0.121 -0.091 -0.040 0.000 0.030 0.061 0.091 0.121 0.185 0.218 0.220 0.220 0.220 0.220 0.233 0.267 0.295 0.326 0.356 0.386 0.419 0.460 0.460 0.460 0.460 0.460 0.460 
-0.500 -0.500 -0.500 -0.500 -0.500 -0.500 -0.500 -0.470 -0.430 -0.390 -0.350 -0.310 -0.270 -0.250 -0.250 -0.250 -0.250 -0.250 -0.250 -0.240 -0.200 -0.160 -0.120 -0.080 -0.040 0.000 0.040 0.080 0.120 0.160 0.200 0.240 0.250 0.250 0.250 0.250 0.250 0.250 0.270 0.310 0.350 0.390 0.430 0.470 0.500 0.500 0.500 0.500 0.500 0.500 
-0.460 -0.460 -0.460 -0.460 -0.460 -0.460 -0.460 -0.419 -0.386 -0.356 -0.326 -0.295 -0.267 -0.233 -0.220 -0.220 -0.220 -0.220 -0.218 -0.185 -0.121 -0.091 -0.061 -0.030 0.000 0.040 0.091 0.121 0.152 0.182 0.212 0.241 0.274 0.280 0.280 0.280 0.280 0.284 0.319 0.356 0.386 0.417 0.447 0.476 0.500 0.500 0.500 0.500 0.500 0.500 
-0.420 -0.420 -0.420 -0.420 -0.420 -0.420 -0.420 -0.387 -0.359 -0.335 -0.311 -0.291 -0.267 -0.233 -0.209 -0.201 -0.201 -0.199 -0.185 -0.148 -0.086 -0.049 -0.024 0.000 0.030 0.080 0.121 0.146 0.171 0.195 0.214 0.241 0.274 0.295 0.299 0.299 0.304 0.319 0.353 0.385 0.409 0.433 0.455 0.476 0.500 0.500 0.500 0.500 0.500 0.500 
-0.380 -0.380 -0.380 -0.380 -0.380 -0.380 -0.380 -0.355 -0.333 -0.319 -0.306 -0.291 -0.267 -0.233 -0.209 -0.194 -0.186 -0.173 -0.153 -0.111 -0.057 -0.023 0.000 0.024 0.061 0.120 0.152 0.171 0.184 0.198 0.214 0.241 0.274 0.295 0.309 0.317 0.331 0.353 0.388 0.412 0.428 0.441 0.455 0.476 0.500 0.500 0.500 0.500 0.500 0.500 
-0.340 -0.340 -0.340 -0.340 -0.340 -0.340 -0.340 -0.323 -0.308 -0.302 -0.302 -0.291 -0.267 -0.233 -0.209 -0.192 -0.169 -0.147 -0.121 -0.074 -0.029 0.000 0.023 0.049 0.091 0.160 0.182 0.195 0.198 0.198 0.214 0.241 0.274 0.295 0.314 0.337 0.358 0.388 0.422 0.439 0.448 0.448 0.455 0.476 0.500 0.500 0.500 0.500 0.500 0.500 
-0.300 -0.300 -0.300 -0.300 -0.300 -0.300 -0.300 -0.290 -0.286 -0.286 -0.286 -0.286 -0.267 -0.233 -0.207 -0.179 -0.150 -0.121 -0.089 -0.037 0.000 0.029 0.057 0.086 0.121 0.200 0.212 0.214 0.214 0.214 0.214 0.241 0.274 0.300 0.329 0.357 0.386 0.422 0.457 0.464 0.464 0.464 0.464 0.476 0.500 0.500 0.500 0.500 0.500 0.500 
-0.260 -0.260 -0.260 -0.260 -0.260 -0.260 -0.260 -0.259 -0.259 -0.259 -0.259 -0.259 -0.259 -0.231 -0.194 -0.157 -0.120 -0.083 -0.046 0.000 0.037 0.074 0.111 0.148 0.185 0.240 0.241 0.241 0.241 0.241 0.241 0.241 0.278 0.315 0.352 0.389 0.426 0.463 0.491 0.491 0.491 0.491 0.491 0.491 0.500 0.500 0.500 0.500 0.500 0.500 
-0.250 -0.250 -0.250 -0.250 -0.250 -0.250 -0.250 -0.226 -0.226 -0.226 -0.226 -0.226 -0.224 -0.172 -0.129 -0.097 -0.065 -0.032 0.000 0.046 0.089 0.121 0.153 0.185 0.218 0.250 0.274 0.274 0.274 0.274 0.274 0.278 0.323 0.355 0.387 0.419 0.452 0.483 0.528 0.539 0.539 0.539 0.539 0.539 0.548 0.548 0.548 0.548 0.548 0.548 
-0.250 -0.250 -0.250 -0.250 -0.250 -0.250 -0.250 -0.226 -0.205 -0.205 -0.205 -0.203 -0.190 -0.138 -0.081 -0.051 -0.026 0.000 0.032 0.083 0.121 0.147 0.173 0.199 0.220 0.250 0.280 0.295 0.295 0.295 0.300 0.315 0.355 0.385 0.410 0.436 0.459 0.483 0.528 0.564 0.571 0.571 0.571 0.588 0.607 0.607 0.607 0.607 0.607 0.607 
-0.250 -0.250 -0.250 -0.250 -0.250 -0.250 -0.250 -0.226 -0.205 -0.191 -0.189 -0.176 -0.155 -0.103 -0.054 -0.022 0.000 0.026 0.065 0.120 0.150 0.169 0.186 0.201 0.220 0.250 0.280 0.299 0.309 0.314 0.329 0.352 0.387 0.410 0.426 0.444 0.459 0.483 0.528 0.564 0.586 0.590 0.607 0.632 0.660 0.660 0.660 0.660 0.660 0.660 
-0.250 -0.250 -0.250 -0.250 -0.250 -0.250 -0.250 -0.226 -0.205 -0.189 -0.167 -0.149 -0.121 -0.069 -0.027 0.000 0.022 0.051 0.097 0.157 0.179 0.192 0.194 0.201 0.220 0.250 0.280 0.299 0.317 0.337 0.357 0.389 0.419 0.436 0.444 0.444 0.459 0.483 0.528 0.564 0.586 0.617 0.642 0.674 0.708 0.708 0.708 0.708 0.708 0.708 
-0.250 -0.250 -0.250 -0.250 -0.250 -0.250 -0.250 -0.226 -0.203 -0.176 -0.149 -0.122 -0.086 -0.034 0.000 0.027 0.054 0.081 0.129 0.194 0.207 0.209 0.209 0.209 0.220 0.250 0.280 0.304 0.331 0.358 0.386 0.426 0.452 0.459 0.459 0.459 0.459 0.483 0.528 0.564 0.603 0.640 0.674 0.712 0.753 0.753 0.753 0.753 0.753 0.753 
-0.250 -0.250 -0.250 -0.250 -0.250 -0.250 -0.250 -0.224 -0.190 -0.155 -0.121 -0.086 -0.052 0.000 0.034 0.069 0.103 0.138 0.172 0.231 0.233 0.233 0.233 0.233 0.233 0.250 0.284 0.319 0.353 0.388 0.422 0.463 0.483 0.483 0.483 0.483 0.483 0.483 0.528 0.581 0.629 0.673 0.714 0.752 0.793 0.793 0.793 0.793 0.793 0.793 
-0.230 -0.230 -0.230 -0.230 -0.230 -0.230 -0.230 -0.172 -0.138 -0.103 -0.069 -0.034 0.000 0.052 0.086 0.121 0.155 0.190 0.224 0.259 0.267 0.267 0.267 0.267 0.267 0.270 0.319 0.353 0.388 0.422 0.457 0.491 0.528 0.528 0.528 0.528 0.528 0.528 0.581 0.629 0.673 0.714 0.752 0.788 0.812 0.812 0.812 0.812 0.812 0.812 
-0.190 -0.190 -0.190 -0.190 -0.190 -0.190 -0.190 -0.129 -0.081 -0.054 -0.027 0.000 0.034 0.086 0.122 0.149 0.176 0.203 0.226 0.259 0.286 0.291 0.291 0.291 0.295 0.310 0.356 0.385 0.412 0.439 0.464 0.491 0.539 0.564 0.564 0.564 0.564 0.581 0.629 0.674 0.707 0.737 0.766 0.789 0.812 0.812 0.812 0.812 0.812 0.812 
-0.150 -0.150 -0.150 -0.150 -0.150 -0.150 -0.150 -0.097 -0.051 -0.022 0.000 0.027 0.069 0.121 0.149 0.167 0.189 0.205 0.226 0.259 0.286 0.302 0.306 0.311 0.326 0.350 0.386 0.409 0.428 0.448 0.464 0.491 0.539 0.571 0.586 0.586 0.603 0.629 0.673 0.707 0.727 0.751 0.768 0.789 0.812 0.812 0.812 0.812 0.812 0.812 
-0.110 -0.110 -0.110 -0.110 -0.110 -0.110 -0.110 -0.065 -0.026 0.000 0.022 0.054 0.103 0.155 0.176 0.189 0.191 0.205 0.226 0.259 0.286 0.302 0.319 0.335 0.356 0.390 0.417 0.433 0.441 0.448 0.464 0.491 0.539 0.571 0.590 0.617 0.640 0.673 0.714 0.737 0.751 0.754 0.768 0.789 0.812 0.812 0.812 0.812 0.812 0.812 
-0.070 -0.070 -0.070 -0.070 -0.070 -0.070 -0.070 -0.032 0.000 0.026 0.051 0.081 0.138 0.190 0.203 0.205 0.205 0.205 0.226 0.259 0.286 0.308 0.333 0.359 0.386 0.430 0.447 0.455 0.455 0.455 0.464 0.491 0.539 0.571 0.607 0.642 0.674 0.714 0.752 0.766 0.768 0.768 0.768 0.789 0.812 0.812 0.812 0.812 0.812 0.812 
-0.030 -0.030 -0.030 -0.030 -0.030 -0.030 -0.030 0.000 0.032 0.065 0.097 0.129 0.172 0.224 0.226 0.226 0.226 0.226 0.226 0.259 0.290 0.323 0.355 0.387 0.419 0.470 0.476 0.476 0.476 0.476 0.476 0.491 0.539 0.588 0.632 0.674 0.712 0.752 0.788 0.789 0.789 0.789 0.789 0.789 0.812 0.812 0.812 0.812 0.812 0.812 
0.000 0.000 0.000 0.000 0.000 0.000 0.000 0.030 0.070 0.110 0.150 0.190 0.230 0.250 0.250 0.250 0.250 0.250 0.250 0.260 0.300 0.340 0.380 0.420 0.460 0.500 0.500 0.500 0.500 0.500 0.500 0.500 0.548 0.607 0.660 0.708 0.753 0.793 0.812 0.812 0.812 0.812 0.812 0.812 0.812 0.812 0.812 0.812 0.812 0.812 
0.000 0.000 0.000 0.000 0.000 0.000 0.000 0.030 0.070 0.110 0.150 0.190 0.230 0.250 0.250 0.250 0.250 0.250 0.250 0.260 0.300 0.340 0.380 0.420 0.460 0.500 0.500 0.500 0.500 0.500 0.500 0.500 0.548 0.607 0.660 0.708 0.753 0.793 0.812 0.812 0.812 0.812 0.812 0.812 0.812 0.812 0.812 0.812 0.812 0.812 
0.000 0.000 0.000 0.000 0.000 0.000 0.000 0.030 0.070 0.110 0.150 0.190 0.230 0.250 0.250 0.250 0.250 0.250 0.250 0.260 0.300 0.340 0.380 0.420 0.460 0.500 0.500 0.500 0.500 0.500 0.500 0.500 0.548 0.607 0.660 0.708 0.753 0.793 0.812 0.812 0.812 0.812 0.812 0.812 0.812 0.812 0.812 0.812 0.812 0.812 
0.000 0.000 0.000 0.000 0.000 0.000 0.000 0.030 0.070 0.110 0.150 0.190 0.230 0.250 0.250 0.250 0.250 0.250 0.250 0.260 0.300 0.340 0.380 0.420 0.460 0.500 0.500 0.500 0.500 0.500 0.500 0.500 0.548 0.607 0.660 0.708 0.753 0.793 0.812 0.812 0.812 0.812 0.812 0.812 0.812 0.812 0.812 0.812 0.812 0.812 
0.000 0.000 0.000 0.000 0.000 0.000 0.000 0.030 0.070 0.110 0.150 0.190 0.230 0.250 0.250 0.250 0.250 0.250 0.250 0.260 0.300 0.340 0.380 0.420 0.460 0.500 0.500 0.500 0.500 0.500 0.500 0.500 0.548 0.607 0.660 0.708 0.753 0.793 0.812 0.812 0.812 0.812 0.812 0.812 0.812 0.812 0.812 0.812 0.812 0.812 
0.000 0.000 0.000 0.000 0.000 0.000 0.000 0.030 0.070 0.110 0.150 0.190 0.230 0.250 0.250 0.250 0.250 0.250 0.250 0.260 0.300 0.340 0.380 0.420 0.460 0.500 0.500 0.500 0.500 0.500 0.500 0.500 0.548 0.607 0.660 0.708 0.753 0.793 0.812 0.812 0.812 0.812 0.812 0.812 0.812 0.812 0.812 0.812 0.812 0.812 
];surf(xb7,yb7,zb7);
xtitle('FUZZY SURFACE 7MFS');