xb7=[-1.000:0.140:0.860];
yb7=[-1.000:0.140:0.860];
zb7=[-0.813 -0.813 -0.813 -0.812 -0.753 -0.578 -0.500 -0.500 -0.380 -0.250 -0.250 -0.210 -0.070 0.000 0.000 
-0.813 -0.813 -0.813 -0.812 -0.753 -0.578 -0.500 -0.500 -0.380 -0.250 -0.250 -0.210 -0.070 0.000 0.000 
-0.813 -0.813 -0.789 -0.789 -0.712 -0.564 -0.476 -0.474 -0.355 -0.241 -0.226 -0.145 -0.032 0.030 0.030 
-0.812 -0.812 -0.789 -0.704 -0.584 -0.557 -0.445 -0.353 -0.299 -0.241 -0.159 -0.030 0.064 0.170 0.170 
-0.753 -0.753 -0.712 -0.584 -0.459 -0.457 -0.358 -0.267 -0.209 -0.167 -0.027 0.106 0.203 0.250 0.250 
-0.578 -0.578 -0.564 -0.557 -0.457 -0.357 -0.286 -0.267 -0.164 -0.037 0.071 0.212 0.214 0.250 0.250 
-0.500 -0.500 -0.476 -0.445 -0.358 -0.286 -0.198 -0.172 -0.023 0.102 0.192 0.280 0.308 0.340 0.340 
-0.500 -0.500 -0.474 -0.353 -0.267 -0.267 -0.172 -0.052 0.086 0.231 0.233 0.284 0.405 0.480 0.480 
-0.380 -0.380 -0.355 -0.299 -0.209 -0.164 -0.023 0.086 0.184 0.259 0.317 0.402 0.455 0.500 0.500 
-0.250 -0.250 -0.241 -0.241 -0.167 -0.037 0.102 0.231 0.259 0.278 0.407 0.515 0.515 0.516 0.516 
-0.250 -0.250 -0.226 -0.159 -0.027 0.071 0.192 0.233 0.317 0.407 0.444 0.549 0.642 0.708 0.708 
-0.210 -0.210 -0.145 -0.030 0.106 0.212 0.280 0.284 0.402 0.515 0.549 0.635 0.760 0.812 0.812 
-0.070 -0.070 -0.032 0.064 0.203 0.214 0.308 0.405 0.455 0.515 0.642 0.760 0.768 0.813 0.813 
0.000 0.000 0.030 0.170 0.250 0.250 0.340 0.480 0.500 0.516 0.708 0.812 0.813 0.813 0.813 
0.000 0.000 0.030 0.170 0.250 0.250 0.340 0.480 0.500 0.516 0.708 0.812 0.813 0.813 0.813 
];surf(xb7,yb7,zb7);
xtitle('FUZZY SURFACE 7MFS');