xb3=[-1.000000:0.140000:0.860000];
yb3=[-1.000000:0.140000:0.860000];
zb3=[